# layer len k_zeta j jl  bankLSB_j bankLSB_jl confLSB  bankPAR_j bankPAR_jl confPAR  memaddr_j memaddr_jl
0 128   1   0 128  0 0 1  0 1 0    0  64
0 128   1   1 129  1 1 1  1 0 0    0  64
0 128   1   2 130  0 0 1  1 0 0    1  65
0 128   1   3 131  1 1 1  0 1 0    1  65
0 128   1   4 132  0 0 1  1 0 0    2  66
0 128   1   5 133  1 1 1  0 1 0    2  66
0 128   1   6 134  0 0 1  0 1 0    3  67
0 128   1   7 135  1 1 1  1 0 0    3  67
0 128   1   8 136  0 0 1  1 0 0    4  68
0 128   1   9 137  1 1 1  0 1 0    4  68
0 128   1  10 138  0 0 1  0 1 0    5  69
0 128   1  11 139  1 1 1  1 0 0    5  69
0 128   1  12 140  0 0 1  0 1 0    6  70
0 128   1  13 141  1 1 1  1 0 0    6  70
0 128   1  14 142  0 0 1  1 0 0    7  71
0 128   1  15 143  1 1 1  0 1 0    7  71
0 128   1  16 144  0 0 1  1 0 0    8  72
0 128   1  17 145  1 1 1  0 1 0    8  72
0 128   1  18 146  0 0 1  0 1 0    9  73
0 128   1  19 147  1 1 1  1 0 0    9  73
0 128   1  20 148  0 0 1  0 1 0   10  74
0 128   1  21 149  1 1 1  1 0 0   10  74
0 128   1  22 150  0 0 1  1 0 0   11  75
0 128   1  23 151  1 1 1  0 1 0   11  75
0 128   1  24 152  0 0 1  0 1 0   12  76
0 128   1  25 153  1 1 1  1 0 0   12  76
0 128   1  26 154  0 0 1  1 0 0   13  77
0 128   1  27 155  1 1 1  0 1 0   13  77
0 128   1  28 156  0 0 1  1 0 0   14  78
0 128   1  29 157  1 1 1  0 1 0   14  78
0 128   1  30 158  0 0 1  0 1 0   15  79
0 128   1  31 159  1 1 1  1 0 0   15  79
0 128   1  32 160  0 0 1  1 0 0   16  80
0 128   1  33 161  1 1 1  0 1 0   16  80
0 128   1  34 162  0 0 1  0 1 0   17  81
0 128   1  35 163  1 1 1  1 0 0   17  81
0 128   1  36 164  0 0 1  0 1 0   18  82
0 128   1  37 165  1 1 1  1 0 0   18  82
0 128   1  38 166  0 0 1  1 0 0   19  83
0 128   1  39 167  1 1 1  0 1 0   19  83
0 128   1  40 168  0 0 1  0 1 0   20  84
0 128   1  41 169  1 1 1  1 0 0   20  84
0 128   1  42 170  0 0 1  1 0 0   21  85
0 128   1  43 171  1 1 1  0 1 0   21  85
0 128   1  44 172  0 0 1  1 0 0   22  86
0 128   1  45 173  1 1 1  0 1 0   22  86
0 128   1  46 174  0 0 1  0 1 0   23  87
0 128   1  47 175  1 1 1  1 0 0   23  87
0 128   1  48 176  0 0 1  0 1 0   24  88
0 128   1  49 177  1 1 1  1 0 0   24  88
0 128   1  50 178  0 0 1  1 0 0   25  89
0 128   1  51 179  1 1 1  0 1 0   25  89
0 128   1  52 180  0 0 1  1 0 0   26  90
0 128   1  53 181  1 1 1  0 1 0   26  90
0 128   1  54 182  0 0 1  0 1 0   27  91
0 128   1  55 183  1 1 1  1 0 0   27  91
0 128   1  56 184  0 0 1  1 0 0   28  92
0 128   1  57 185  1 1 1  0 1 0   28  92
0 128   1  58 186  0 0 1  0 1 0   29  93
0 128   1  59 187  1 1 1  1 0 0   29  93
0 128   1  60 188  0 0 1  0 1 0   30  94
0 128   1  61 189  1 1 1  1 0 0   30  94
0 128   1  62 190  0 0 1  1 0 0   31  95
0 128   1  63 191  1 1 1  0 1 0   31  95
0 128   1  64 192  0 0 1  1 0 0   32  96
0 128   1  65 193  1 1 1  0 1 0   32  96
0 128   1  66 194  0 0 1  0 1 0   33  97
0 128   1  67 195  1 1 1  1 0 0   33  97
0 128   1  68 196  0 0 1  0 1 0   34  98
0 128   1  69 197  1 1 1  1 0 0   34  98
0 128   1  70 198  0 0 1  1 0 0   35  99
0 128   1  71 199  1 1 1  0 1 0   35  99
0 128   1  72 200  0 0 1  0 1 0   36 100
0 128   1  73 201  1 1 1  1 0 0   36 100
0 128   1  74 202  0 0 1  1 0 0   37 101
0 128   1  75 203  1 1 1  0 1 0   37 101
0 128   1  76 204  0 0 1  1 0 0   38 102
0 128   1  77 205  1 1 1  0 1 0   38 102
0 128   1  78 206  0 0 1  0 1 0   39 103
0 128   1  79 207  1 1 1  1 0 0   39 103
0 128   1  80 208  0 0 1  0 1 0   40 104
0 128   1  81 209  1 1 1  1 0 0   40 104
0 128   1  82 210  0 0 1  1 0 0   41 105
0 128   1  83 211  1 1 1  0 1 0   41 105
0 128   1  84 212  0 0 1  1 0 0   42 106
0 128   1  85 213  1 1 1  0 1 0   42 106
0 128   1  86 214  0 0 1  0 1 0   43 107
0 128   1  87 215  1 1 1  1 0 0   43 107
0 128   1  88 216  0 0 1  1 0 0   44 108
0 128   1  89 217  1 1 1  0 1 0   44 108
0 128   1  90 218  0 0 1  0 1 0   45 109
0 128   1  91 219  1 1 1  1 0 0   45 109
0 128   1  92 220  0 0 1  0 1 0   46 110
0 128   1  93 221  1 1 1  1 0 0   46 110
0 128   1  94 222  0 0 1  1 0 0   47 111
0 128   1  95 223  1 1 1  0 1 0   47 111
0 128   1  96 224  0 0 1  0 1 0   48 112
0 128   1  97 225  1 1 1  1 0 0   48 112
0 128   1  98 226  0 0 1  1 0 0   49 113
0 128   1  99 227  1 1 1  0 1 0   49 113
0 128   1 100 228  0 0 1  1 0 0   50 114
0 128   1 101 229  1 1 1  0 1 0   50 114
0 128   1 102 230  0 0 1  0 1 0   51 115
0 128   1 103 231  1 1 1  1 0 0   51 115
0 128   1 104 232  0 0 1  1 0 0   52 116
0 128   1 105 233  1 1 1  0 1 0   52 116
0 128   1 106 234  0 0 1  0 1 0   53 117
0 128   1 107 235  1 1 1  1 0 0   53 117
0 128   1 108 236  0 0 1  0 1 0   54 118
0 128   1 109 237  1 1 1  1 0 0   54 118
0 128   1 110 238  0 0 1  1 0 0   55 119
0 128   1 111 239  1 1 1  0 1 0   55 119
0 128   1 112 240  0 0 1  1 0 0   56 120
0 128   1 113 241  1 1 1  0 1 0   56 120
0 128   1 114 242  0 0 1  0 1 0   57 121
0 128   1 115 243  1 1 1  1 0 0   57 121
0 128   1 116 244  0 0 1  0 1 0   58 122
0 128   1 117 245  1 1 1  1 0 0   58 122
0 128   1 118 246  0 0 1  1 0 0   59 123
0 128   1 119 247  1 1 1  0 1 0   59 123
0 128   1 120 248  0 0 1  0 1 0   60 124
0 128   1 121 249  1 1 1  1 0 0   60 124
0 128   1 122 250  0 0 1  1 0 0   61 125
0 128   1 123 251  1 1 1  0 1 0   61 125
0 128   1 124 252  0 0 1  1 0 0   62 126
0 128   1 125 253  1 1 1  0 1 0   62 126
0 128   1 126 254  0 0 1  0 1 0   63 127
0 128   1 127 255  1 1 1  1 0 0   63 127
1  64   2   0  64  0 0 1  0 1 0    0  32
1  64   2   1  65  1 1 1  1 0 0    0  32
1  64   2   2  66  0 0 1  1 0 0    1  33
1  64   2   3  67  1 1 1  0 1 0    1  33
1  64   2   4  68  0 0 1  1 0 0    2  34
1  64   2   5  69  1 1 1  0 1 0    2  34
1  64   2   6  70  0 0 1  0 1 0    3  35
1  64   2   7  71  1 1 1  1 0 0    3  35
1  64   2   8  72  0 0 1  1 0 0    4  36
1  64   2   9  73  1 1 1  0 1 0    4  36
1  64   2  10  74  0 0 1  0 1 0    5  37
1  64   2  11  75  1 1 1  1 0 0    5  37
1  64   2  12  76  0 0 1  0 1 0    6  38
1  64   2  13  77  1 1 1  1 0 0    6  38
1  64   2  14  78  0 0 1  1 0 0    7  39
1  64   2  15  79  1 1 1  0 1 0    7  39
1  64   2  16  80  0 0 1  1 0 0    8  40
1  64   2  17  81  1 1 1  0 1 0    8  40
1  64   2  18  82  0 0 1  0 1 0    9  41
1  64   2  19  83  1 1 1  1 0 0    9  41
1  64   2  20  84  0 0 1  0 1 0   10  42
1  64   2  21  85  1 1 1  1 0 0   10  42
1  64   2  22  86  0 0 1  1 0 0   11  43
1  64   2  23  87  1 1 1  0 1 0   11  43
1  64   2  24  88  0 0 1  0 1 0   12  44
1  64   2  25  89  1 1 1  1 0 0   12  44
1  64   2  26  90  0 0 1  1 0 0   13  45
1  64   2  27  91  1 1 1  0 1 0   13  45
1  64   2  28  92  0 0 1  1 0 0   14  46
1  64   2  29  93  1 1 1  0 1 0   14  46
1  64   2  30  94  0 0 1  0 1 0   15  47
1  64   2  31  95  1 1 1  1 0 0   15  47
1  64   2  32  96  0 0 1  1 0 0   16  48
1  64   2  33  97  1 1 1  0 1 0   16  48
1  64   2  34  98  0 0 1  0 1 0   17  49
1  64   2  35  99  1 1 1  1 0 0   17  49
1  64   2  36 100  0 0 1  0 1 0   18  50
1  64   2  37 101  1 1 1  1 0 0   18  50
1  64   2  38 102  0 0 1  1 0 0   19  51
1  64   2  39 103  1 1 1  0 1 0   19  51
1  64   2  40 104  0 0 1  0 1 0   20  52
1  64   2  41 105  1 1 1  1 0 0   20  52
1  64   2  42 106  0 0 1  1 0 0   21  53
1  64   2  43 107  1 1 1  0 1 0   21  53
1  64   2  44 108  0 0 1  1 0 0   22  54
1  64   2  45 109  1 1 1  0 1 0   22  54
1  64   2  46 110  0 0 1  0 1 0   23  55
1  64   2  47 111  1 1 1  1 0 0   23  55
1  64   2  48 112  0 0 1  0 1 0   24  56
1  64   2  49 113  1 1 1  1 0 0   24  56
1  64   2  50 114  0 0 1  1 0 0   25  57
1  64   2  51 115  1 1 1  0 1 0   25  57
1  64   2  52 116  0 0 1  1 0 0   26  58
1  64   2  53 117  1 1 1  0 1 0   26  58
1  64   2  54 118  0 0 1  0 1 0   27  59
1  64   2  55 119  1 1 1  1 0 0   27  59
1  64   2  56 120  0 0 1  1 0 0   28  60
1  64   2  57 121  1 1 1  0 1 0   28  60
1  64   2  58 122  0 0 1  0 1 0   29  61
1  64   2  59 123  1 1 1  1 0 0   29  61
1  64   2  60 124  0 0 1  0 1 0   30  62
1  64   2  61 125  1 1 1  1 0 0   30  62
1  64   2  62 126  0 0 1  1 0 0   31  63
1  64   2  63 127  1 1 1  0 1 0   31  63
1  64   3 128 192  0 0 1  1 0 0   64  96
1  64   3 129 193  1 1 1  0 1 0   64  96
1  64   3 130 194  0 0 1  0 1 0   65  97
1  64   3 131 195  1 1 1  1 0 0   65  97
1  64   3 132 196  0 0 1  0 1 0   66  98
1  64   3 133 197  1 1 1  1 0 0   66  98
1  64   3 134 198  0 0 1  1 0 0   67  99
1  64   3 135 199  1 1 1  0 1 0   67  99
1  64   3 136 200  0 0 1  0 1 0   68 100
1  64   3 137 201  1 1 1  1 0 0   68 100
1  64   3 138 202  0 0 1  1 0 0   69 101
1  64   3 139 203  1 1 1  0 1 0   69 101
1  64   3 140 204  0 0 1  1 0 0   70 102
1  64   3 141 205  1 1 1  0 1 0   70 102
1  64   3 142 206  0 0 1  0 1 0   71 103
1  64   3 143 207  1 1 1  1 0 0   71 103
1  64   3 144 208  0 0 1  0 1 0   72 104
1  64   3 145 209  1 1 1  1 0 0   72 104
1  64   3 146 210  0 0 1  1 0 0   73 105
1  64   3 147 211  1 1 1  0 1 0   73 105
1  64   3 148 212  0 0 1  1 0 0   74 106
1  64   3 149 213  1 1 1  0 1 0   74 106
1  64   3 150 214  0 0 1  0 1 0   75 107
1  64   3 151 215  1 1 1  1 0 0   75 107
1  64   3 152 216  0 0 1  1 0 0   76 108
1  64   3 153 217  1 1 1  0 1 0   76 108
1  64   3 154 218  0 0 1  0 1 0   77 109
1  64   3 155 219  1 1 1  1 0 0   77 109
1  64   3 156 220  0 0 1  0 1 0   78 110
1  64   3 157 221  1 1 1  1 0 0   78 110
1  64   3 158 222  0 0 1  1 0 0   79 111
1  64   3 159 223  1 1 1  0 1 0   79 111
1  64   3 160 224  0 0 1  0 1 0   80 112
1  64   3 161 225  1 1 1  1 0 0   80 112
1  64   3 162 226  0 0 1  1 0 0   81 113
1  64   3 163 227  1 1 1  0 1 0   81 113
1  64   3 164 228  0 0 1  1 0 0   82 114
1  64   3 165 229  1 1 1  0 1 0   82 114
1  64   3 166 230  0 0 1  0 1 0   83 115
1  64   3 167 231  1 1 1  1 0 0   83 115
1  64   3 168 232  0 0 1  1 0 0   84 116
1  64   3 169 233  1 1 1  0 1 0   84 116
1  64   3 170 234  0 0 1  0 1 0   85 117
1  64   3 171 235  1 1 1  1 0 0   85 117
1  64   3 172 236  0 0 1  0 1 0   86 118
1  64   3 173 237  1 1 1  1 0 0   86 118
1  64   3 174 238  0 0 1  1 0 0   87 119
1  64   3 175 239  1 1 1  0 1 0   87 119
1  64   3 176 240  0 0 1  1 0 0   88 120
1  64   3 177 241  1 1 1  0 1 0   88 120
1  64   3 178 242  0 0 1  0 1 0   89 121
1  64   3 179 243  1 1 1  1 0 0   89 121
1  64   3 180 244  0 0 1  0 1 0   90 122
1  64   3 181 245  1 1 1  1 0 0   90 122
1  64   3 182 246  0 0 1  1 0 0   91 123
1  64   3 183 247  1 1 1  0 1 0   91 123
1  64   3 184 248  0 0 1  0 1 0   92 124
1  64   3 185 249  1 1 1  1 0 0   92 124
1  64   3 186 250  0 0 1  1 0 0   93 125
1  64   3 187 251  1 1 1  0 1 0   93 125
1  64   3 188 252  0 0 1  1 0 0   94 126
1  64   3 189 253  1 1 1  0 1 0   94 126
1  64   3 190 254  0 0 1  0 1 0   95 127
1  64   3 191 255  1 1 1  1 0 0   95 127
2  32   4   0  32  0 0 1  0 1 0    0  16
2  32   4   1  33  1 1 1  1 0 0    0  16
2  32   4   2  34  0 0 1  1 0 0    1  17
2  32   4   3  35  1 1 1  0 1 0    1  17
2  32   4   4  36  0 0 1  1 0 0    2  18
2  32   4   5  37  1 1 1  0 1 0    2  18
2  32   4   6  38  0 0 1  0 1 0    3  19
2  32   4   7  39  1 1 1  1 0 0    3  19
2  32   4   8  40  0 0 1  1 0 0    4  20
2  32   4   9  41  1 1 1  0 1 0    4  20
2  32   4  10  42  0 0 1  0 1 0    5  21
2  32   4  11  43  1 1 1  1 0 0    5  21
2  32   4  12  44  0 0 1  0 1 0    6  22
2  32   4  13  45  1 1 1  1 0 0    6  22
2  32   4  14  46  0 0 1  1 0 0    7  23
2  32   4  15  47  1 1 1  0 1 0    7  23
2  32   4  16  48  0 0 1  1 0 0    8  24
2  32   4  17  49  1 1 1  0 1 0    8  24
2  32   4  18  50  0 0 1  0 1 0    9  25
2  32   4  19  51  1 1 1  1 0 0    9  25
2  32   4  20  52  0 0 1  0 1 0   10  26
2  32   4  21  53  1 1 1  1 0 0   10  26
2  32   4  22  54  0 0 1  1 0 0   11  27
2  32   4  23  55  1 1 1  0 1 0   11  27
2  32   4  24  56  0 0 1  0 1 0   12  28
2  32   4  25  57  1 1 1  1 0 0   12  28
2  32   4  26  58  0 0 1  1 0 0   13  29
2  32   4  27  59  1 1 1  0 1 0   13  29
2  32   4  28  60  0 0 1  1 0 0   14  30
2  32   4  29  61  1 1 1  0 1 0   14  30
2  32   4  30  62  0 0 1  0 1 0   15  31
2  32   4  31  63  1 1 1  1 0 0   15  31
2  32   5  64  96  0 0 1  1 0 0   32  48
2  32   5  65  97  1 1 1  0 1 0   32  48
2  32   5  66  98  0 0 1  0 1 0   33  49
2  32   5  67  99  1 1 1  1 0 0   33  49
2  32   5  68 100  0 0 1  0 1 0   34  50
2  32   5  69 101  1 1 1  1 0 0   34  50
2  32   5  70 102  0 0 1  1 0 0   35  51
2  32   5  71 103  1 1 1  0 1 0   35  51
2  32   5  72 104  0 0 1  0 1 0   36  52
2  32   5  73 105  1 1 1  1 0 0   36  52
2  32   5  74 106  0 0 1  1 0 0   37  53
2  32   5  75 107  1 1 1  0 1 0   37  53
2  32   5  76 108  0 0 1  1 0 0   38  54
2  32   5  77 109  1 1 1  0 1 0   38  54
2  32   5  78 110  0 0 1  0 1 0   39  55
2  32   5  79 111  1 1 1  1 0 0   39  55
2  32   5  80 112  0 0 1  0 1 0   40  56
2  32   5  81 113  1 1 1  1 0 0   40  56
2  32   5  82 114  0 0 1  1 0 0   41  57
2  32   5  83 115  1 1 1  0 1 0   41  57
2  32   5  84 116  0 0 1  1 0 0   42  58
2  32   5  85 117  1 1 1  0 1 0   42  58
2  32   5  86 118  0 0 1  0 1 0   43  59
2  32   5  87 119  1 1 1  1 0 0   43  59
2  32   5  88 120  0 0 1  1 0 0   44  60
2  32   5  89 121  1 1 1  0 1 0   44  60
2  32   5  90 122  0 0 1  0 1 0   45  61
2  32   5  91 123  1 1 1  1 0 0   45  61
2  32   5  92 124  0 0 1  0 1 0   46  62
2  32   5  93 125  1 1 1  1 0 0   46  62
2  32   5  94 126  0 0 1  1 0 0   47  63
2  32   5  95 127  1 1 1  0 1 0   47  63
2  32   6 128 160  0 0 1  1 0 0   64  80
2  32   6 129 161  1 1 1  0 1 0   64  80
2  32   6 130 162  0 0 1  0 1 0   65  81
2  32   6 131 163  1 1 1  1 0 0   65  81
2  32   6 132 164  0 0 1  0 1 0   66  82
2  32   6 133 165  1 1 1  1 0 0   66  82
2  32   6 134 166  0 0 1  1 0 0   67  83
2  32   6 135 167  1 1 1  0 1 0   67  83
2  32   6 136 168  0 0 1  0 1 0   68  84
2  32   6 137 169  1 1 1  1 0 0   68  84
2  32   6 138 170  0 0 1  1 0 0   69  85
2  32   6 139 171  1 1 1  0 1 0   69  85
2  32   6 140 172  0 0 1  1 0 0   70  86
2  32   6 141 173  1 1 1  0 1 0   70  86
2  32   6 142 174  0 0 1  0 1 0   71  87
2  32   6 143 175  1 1 1  1 0 0   71  87
2  32   6 144 176  0 0 1  0 1 0   72  88
2  32   6 145 177  1 1 1  1 0 0   72  88
2  32   6 146 178  0 0 1  1 0 0   73  89
2  32   6 147 179  1 1 1  0 1 0   73  89
2  32   6 148 180  0 0 1  1 0 0   74  90
2  32   6 149 181  1 1 1  0 1 0   74  90
2  32   6 150 182  0 0 1  0 1 0   75  91
2  32   6 151 183  1 1 1  1 0 0   75  91
2  32   6 152 184  0 0 1  1 0 0   76  92
2  32   6 153 185  1 1 1  0 1 0   76  92
2  32   6 154 186  0 0 1  0 1 0   77  93
2  32   6 155 187  1 1 1  1 0 0   77  93
2  32   6 156 188  0 0 1  0 1 0   78  94
2  32   6 157 189  1 1 1  1 0 0   78  94
2  32   6 158 190  0 0 1  1 0 0   79  95
2  32   6 159 191  1 1 1  0 1 0   79  95
2  32   7 192 224  0 0 1  0 1 0   96 112
2  32   7 193 225  1 1 1  1 0 0   96 112
2  32   7 194 226  0 0 1  1 0 0   97 113
2  32   7 195 227  1 1 1  0 1 0   97 113
2  32   7 196 228  0 0 1  1 0 0   98 114
2  32   7 197 229  1 1 1  0 1 0   98 114
2  32   7 198 230  0 0 1  0 1 0   99 115
2  32   7 199 231  1 1 1  1 0 0   99 115
2  32   7 200 232  0 0 1  1 0 0  100 116
2  32   7 201 233  1 1 1  0 1 0  100 116
2  32   7 202 234  0 0 1  0 1 0  101 117
2  32   7 203 235  1 1 1  1 0 0  101 117
2  32   7 204 236  0 0 1  0 1 0  102 118
2  32   7 205 237  1 1 1  1 0 0  102 118
2  32   7 206 238  0 0 1  1 0 0  103 119
2  32   7 207 239  1 1 1  0 1 0  103 119
2  32   7 208 240  0 0 1  1 0 0  104 120
2  32   7 209 241  1 1 1  0 1 0  104 120
2  32   7 210 242  0 0 1  0 1 0  105 121
2  32   7 211 243  1 1 1  1 0 0  105 121
2  32   7 212 244  0 0 1  0 1 0  106 122
2  32   7 213 245  1 1 1  1 0 0  106 122
2  32   7 214 246  0 0 1  1 0 0  107 123
2  32   7 215 247  1 1 1  0 1 0  107 123
2  32   7 216 248  0 0 1  0 1 0  108 124
2  32   7 217 249  1 1 1  1 0 0  108 124
2  32   7 218 250  0 0 1  1 0 0  109 125
2  32   7 219 251  1 1 1  0 1 0  109 125
2  32   7 220 252  0 0 1  1 0 0  110 126
2  32   7 221 253  1 1 1  0 1 0  110 126
2  32   7 222 254  0 0 1  0 1 0  111 127
2  32   7 223 255  1 1 1  1 0 0  111 127
3  16   8   0  16  0 0 1  0 1 0    0   8
3  16   8   1  17  1 1 1  1 0 0    0   8
3  16   8   2  18  0 0 1  1 0 0    1   9
3  16   8   3  19  1 1 1  0 1 0    1   9
3  16   8   4  20  0 0 1  1 0 0    2  10
3  16   8   5  21  1 1 1  0 1 0    2  10
3  16   8   6  22  0 0 1  0 1 0    3  11
3  16   8   7  23  1 1 1  1 0 0    3  11
3  16   8   8  24  0 0 1  1 0 0    4  12
3  16   8   9  25  1 1 1  0 1 0    4  12
3  16   8  10  26  0 0 1  0 1 0    5  13
3  16   8  11  27  1 1 1  1 0 0    5  13
3  16   8  12  28  0 0 1  0 1 0    6  14
3  16   8  13  29  1 1 1  1 0 0    6  14
3  16   8  14  30  0 0 1  1 0 0    7  15
3  16   8  15  31  1 1 1  0 1 0    7  15
3  16   9  32  48  0 0 1  1 0 0   16  24
3  16   9  33  49  1 1 1  0 1 0   16  24
3  16   9  34  50  0 0 1  0 1 0   17  25
3  16   9  35  51  1 1 1  1 0 0   17  25
3  16   9  36  52  0 0 1  0 1 0   18  26
3  16   9  37  53  1 1 1  1 0 0   18  26
3  16   9  38  54  0 0 1  1 0 0   19  27
3  16   9  39  55  1 1 1  0 1 0   19  27
3  16   9  40  56  0 0 1  0 1 0   20  28
3  16   9  41  57  1 1 1  1 0 0   20  28
3  16   9  42  58  0 0 1  1 0 0   21  29
3  16   9  43  59  1 1 1  0 1 0   21  29
3  16   9  44  60  0 0 1  1 0 0   22  30
3  16   9  45  61  1 1 1  0 1 0   22  30
3  16   9  46  62  0 0 1  0 1 0   23  31
3  16   9  47  63  1 1 1  1 0 0   23  31
3  16  10  64  80  0 0 1  1 0 0   32  40
3  16  10  65  81  1 1 1  0 1 0   32  40
3  16  10  66  82  0 0 1  0 1 0   33  41
3  16  10  67  83  1 1 1  1 0 0   33  41
3  16  10  68  84  0 0 1  0 1 0   34  42
3  16  10  69  85  1 1 1  1 0 0   34  42
3  16  10  70  86  0 0 1  1 0 0   35  43
3  16  10  71  87  1 1 1  0 1 0   35  43
3  16  10  72  88  0 0 1  0 1 0   36  44
3  16  10  73  89  1 1 1  1 0 0   36  44
3  16  10  74  90  0 0 1  1 0 0   37  45
3  16  10  75  91  1 1 1  0 1 0   37  45
3  16  10  76  92  0 0 1  1 0 0   38  46
3  16  10  77  93  1 1 1  0 1 0   38  46
3  16  10  78  94  0 0 1  0 1 0   39  47
3  16  10  79  95  1 1 1  1 0 0   39  47
3  16  11  96 112  0 0 1  0 1 0   48  56
3  16  11  97 113  1 1 1  1 0 0   48  56
3  16  11  98 114  0 0 1  1 0 0   49  57
3  16  11  99 115  1 1 1  0 1 0   49  57
3  16  11 100 116  0 0 1  1 0 0   50  58
3  16  11 101 117  1 1 1  0 1 0   50  58
3  16  11 102 118  0 0 1  0 1 0   51  59
3  16  11 103 119  1 1 1  1 0 0   51  59
3  16  11 104 120  0 0 1  1 0 0   52  60
3  16  11 105 121  1 1 1  0 1 0   52  60
3  16  11 106 122  0 0 1  0 1 0   53  61
3  16  11 107 123  1 1 1  1 0 0   53  61
3  16  11 108 124  0 0 1  0 1 0   54  62
3  16  11 109 125  1 1 1  1 0 0   54  62
3  16  11 110 126  0 0 1  1 0 0   55  63
3  16  11 111 127  1 1 1  0 1 0   55  63
3  16  12 128 144  0 0 1  1 0 0   64  72
3  16  12 129 145  1 1 1  0 1 0   64  72
3  16  12 130 146  0 0 1  0 1 0   65  73
3  16  12 131 147  1 1 1  1 0 0   65  73
3  16  12 132 148  0 0 1  0 1 0   66  74
3  16  12 133 149  1 1 1  1 0 0   66  74
3  16  12 134 150  0 0 1  1 0 0   67  75
3  16  12 135 151  1 1 1  0 1 0   67  75
3  16  12 136 152  0 0 1  0 1 0   68  76
3  16  12 137 153  1 1 1  1 0 0   68  76
3  16  12 138 154  0 0 1  1 0 0   69  77
3  16  12 139 155  1 1 1  0 1 0   69  77
3  16  12 140 156  0 0 1  1 0 0   70  78
3  16  12 141 157  1 1 1  0 1 0   70  78
3  16  12 142 158  0 0 1  0 1 0   71  79
3  16  12 143 159  1 1 1  1 0 0   71  79
3  16  13 160 176  0 0 1  0 1 0   80  88
3  16  13 161 177  1 1 1  1 0 0   80  88
3  16  13 162 178  0 0 1  1 0 0   81  89
3  16  13 163 179  1 1 1  0 1 0   81  89
3  16  13 164 180  0 0 1  1 0 0   82  90
3  16  13 165 181  1 1 1  0 1 0   82  90
3  16  13 166 182  0 0 1  0 1 0   83  91
3  16  13 167 183  1 1 1  1 0 0   83  91
3  16  13 168 184  0 0 1  1 0 0   84  92
3  16  13 169 185  1 1 1  0 1 0   84  92
3  16  13 170 186  0 0 1  0 1 0   85  93
3  16  13 171 187  1 1 1  1 0 0   85  93
3  16  13 172 188  0 0 1  0 1 0   86  94
3  16  13 173 189  1 1 1  1 0 0   86  94
3  16  13 174 190  0 0 1  1 0 0   87  95
3  16  13 175 191  1 1 1  0 1 0   87  95
3  16  14 192 208  0 0 1  0 1 0   96 104
3  16  14 193 209  1 1 1  1 0 0   96 104
3  16  14 194 210  0 0 1  1 0 0   97 105
3  16  14 195 211  1 1 1  0 1 0   97 105
3  16  14 196 212  0 0 1  1 0 0   98 106
3  16  14 197 213  1 1 1  0 1 0   98 106
3  16  14 198 214  0 0 1  0 1 0   99 107
3  16  14 199 215  1 1 1  1 0 0   99 107
3  16  14 200 216  0 0 1  1 0 0  100 108
3  16  14 201 217  1 1 1  0 1 0  100 108
3  16  14 202 218  0 0 1  0 1 0  101 109
3  16  14 203 219  1 1 1  1 0 0  101 109
3  16  14 204 220  0 0 1  0 1 0  102 110
3  16  14 205 221  1 1 1  1 0 0  102 110
3  16  14 206 222  0 0 1  1 0 0  103 111
3  16  14 207 223  1 1 1  0 1 0  103 111
3  16  15 224 240  0 0 1  1 0 0  112 120
3  16  15 225 241  1 1 1  0 1 0  112 120
3  16  15 226 242  0 0 1  0 1 0  113 121
3  16  15 227 243  1 1 1  1 0 0  113 121
3  16  15 228 244  0 0 1  0 1 0  114 122
3  16  15 229 245  1 1 1  1 0 0  114 122
3  16  15 230 246  0 0 1  1 0 0  115 123
3  16  15 231 247  1 1 1  0 1 0  115 123
3  16  15 232 248  0 0 1  0 1 0  116 124
3  16  15 233 249  1 1 1  1 0 0  116 124
3  16  15 234 250  0 0 1  1 0 0  117 125
3  16  15 235 251  1 1 1  0 1 0  117 125
3  16  15 236 252  0 0 1  1 0 0  118 126
3  16  15 237 253  1 1 1  0 1 0  118 126
3  16  15 238 254  0 0 1  0 1 0  119 127
3  16  15 239 255  1 1 1  1 0 0  119 127
4   8  16   0   8  0 0 1  0 1 0    0   4
4   8  16   1   9  1 1 1  1 0 0    0   4
4   8  16   2  10  0 0 1  1 0 0    1   5
4   8  16   3  11  1 1 1  0 1 0    1   5
4   8  16   4  12  0 0 1  1 0 0    2   6
4   8  16   5  13  1 1 1  0 1 0    2   6
4   8  16   6  14  0 0 1  0 1 0    3   7
4   8  16   7  15  1 1 1  1 0 0    3   7
4   8  17  16  24  0 0 1  1 0 0    8  12
4   8  17  17  25  1 1 1  0 1 0    8  12
4   8  17  18  26  0 0 1  0 1 0    9  13
4   8  17  19  27  1 1 1  1 0 0    9  13
4   8  17  20  28  0 0 1  0 1 0   10  14
4   8  17  21  29  1 1 1  1 0 0   10  14
4   8  17  22  30  0 0 1  1 0 0   11  15
4   8  17  23  31  1 1 1  0 1 0   11  15
4   8  18  32  40  0 0 1  1 0 0   16  20
4   8  18  33  41  1 1 1  0 1 0   16  20
4   8  18  34  42  0 0 1  0 1 0   17  21
4   8  18  35  43  1 1 1  1 0 0   17  21
4   8  18  36  44  0 0 1  0 1 0   18  22
4   8  18  37  45  1 1 1  1 0 0   18  22
4   8  18  38  46  0 0 1  1 0 0   19  23
4   8  18  39  47  1 1 1  0 1 0   19  23
4   8  19  48  56  0 0 1  0 1 0   24  28
4   8  19  49  57  1 1 1  1 0 0   24  28
4   8  19  50  58  0 0 1  1 0 0   25  29
4   8  19  51  59  1 1 1  0 1 0   25  29
4   8  19  52  60  0 0 1  1 0 0   26  30
4   8  19  53  61  1 1 1  0 1 0   26  30
4   8  19  54  62  0 0 1  0 1 0   27  31
4   8  19  55  63  1 1 1  1 0 0   27  31
4   8  20  64  72  0 0 1  1 0 0   32  36
4   8  20  65  73  1 1 1  0 1 0   32  36
4   8  20  66  74  0 0 1  0 1 0   33  37
4   8  20  67  75  1 1 1  1 0 0   33  37
4   8  20  68  76  0 0 1  0 1 0   34  38
4   8  20  69  77  1 1 1  1 0 0   34  38
4   8  20  70  78  0 0 1  1 0 0   35  39
4   8  20  71  79  1 1 1  0 1 0   35  39
4   8  21  80  88  0 0 1  0 1 0   40  44
4   8  21  81  89  1 1 1  1 0 0   40  44
4   8  21  82  90  0 0 1  1 0 0   41  45
4   8  21  83  91  1 1 1  0 1 0   41  45
4   8  21  84  92  0 0 1  1 0 0   42  46
4   8  21  85  93  1 1 1  0 1 0   42  46
4   8  21  86  94  0 0 1  0 1 0   43  47
4   8  21  87  95  1 1 1  1 0 0   43  47
4   8  22  96 104  0 0 1  0 1 0   48  52
4   8  22  97 105  1 1 1  1 0 0   48  52
4   8  22  98 106  0 0 1  1 0 0   49  53
4   8  22  99 107  1 1 1  0 1 0   49  53
4   8  22 100 108  0 0 1  1 0 0   50  54
4   8  22 101 109  1 1 1  0 1 0   50  54
4   8  22 102 110  0 0 1  0 1 0   51  55
4   8  22 103 111  1 1 1  1 0 0   51  55
4   8  23 112 120  0 0 1  1 0 0   56  60
4   8  23 113 121  1 1 1  0 1 0   56  60
4   8  23 114 122  0 0 1  0 1 0   57  61
4   8  23 115 123  1 1 1  1 0 0   57  61
4   8  23 116 124  0 0 1  0 1 0   58  62
4   8  23 117 125  1 1 1  1 0 0   58  62
4   8  23 118 126  0 0 1  1 0 0   59  63
4   8  23 119 127  1 1 1  0 1 0   59  63
4   8  24 128 136  0 0 1  1 0 0   64  68
4   8  24 129 137  1 1 1  0 1 0   64  68
4   8  24 130 138  0 0 1  0 1 0   65  69
4   8  24 131 139  1 1 1  1 0 0   65  69
4   8  24 132 140  0 0 1  0 1 0   66  70
4   8  24 133 141  1 1 1  1 0 0   66  70
4   8  24 134 142  0 0 1  1 0 0   67  71
4   8  24 135 143  1 1 1  0 1 0   67  71
4   8  25 144 152  0 0 1  0 1 0   72  76
4   8  25 145 153  1 1 1  1 0 0   72  76
4   8  25 146 154  0 0 1  1 0 0   73  77
4   8  25 147 155  1 1 1  0 1 0   73  77
4   8  25 148 156  0 0 1  1 0 0   74  78
4   8  25 149 157  1 1 1  0 1 0   74  78
4   8  25 150 158  0 0 1  0 1 0   75  79
4   8  25 151 159  1 1 1  1 0 0   75  79
4   8  26 160 168  0 0 1  0 1 0   80  84
4   8  26 161 169  1 1 1  1 0 0   80  84
4   8  26 162 170  0 0 1  1 0 0   81  85
4   8  26 163 171  1 1 1  0 1 0   81  85
4   8  26 164 172  0 0 1  1 0 0   82  86
4   8  26 165 173  1 1 1  0 1 0   82  86
4   8  26 166 174  0 0 1  0 1 0   83  87
4   8  26 167 175  1 1 1  1 0 0   83  87
4   8  27 176 184  0 0 1  1 0 0   88  92
4   8  27 177 185  1 1 1  0 1 0   88  92
4   8  27 178 186  0 0 1  0 1 0   89  93
4   8  27 179 187  1 1 1  1 0 0   89  93
4   8  27 180 188  0 0 1  0 1 0   90  94
4   8  27 181 189  1 1 1  1 0 0   90  94
4   8  27 182 190  0 0 1  1 0 0   91  95
4   8  27 183 191  1 1 1  0 1 0   91  95
4   8  28 192 200  0 0 1  0 1 0   96 100
4   8  28 193 201  1 1 1  1 0 0   96 100
4   8  28 194 202  0 0 1  1 0 0   97 101
4   8  28 195 203  1 1 1  0 1 0   97 101
4   8  28 196 204  0 0 1  1 0 0   98 102
4   8  28 197 205  1 1 1  0 1 0   98 102
4   8  28 198 206  0 0 1  0 1 0   99 103
4   8  28 199 207  1 1 1  1 0 0   99 103
4   8  29 208 216  0 0 1  1 0 0  104 108
4   8  29 209 217  1 1 1  0 1 0  104 108
4   8  29 210 218  0 0 1  0 1 0  105 109
4   8  29 211 219  1 1 1  1 0 0  105 109
4   8  29 212 220  0 0 1  0 1 0  106 110
4   8  29 213 221  1 1 1  1 0 0  106 110
4   8  29 214 222  0 0 1  1 0 0  107 111
4   8  29 215 223  1 1 1  0 1 0  107 111
4   8  30 224 232  0 0 1  1 0 0  112 116
4   8  30 225 233  1 1 1  0 1 0  112 116
4   8  30 226 234  0 0 1  0 1 0  113 117
4   8  30 227 235  1 1 1  1 0 0  113 117
4   8  30 228 236  0 0 1  0 1 0  114 118
4   8  30 229 237  1 1 1  1 0 0  114 118
4   8  30 230 238  0 0 1  1 0 0  115 119
4   8  30 231 239  1 1 1  0 1 0  115 119
4   8  31 240 248  0 0 1  0 1 0  120 124
4   8  31 241 249  1 1 1  1 0 0  120 124
4   8  31 242 250  0 0 1  1 0 0  121 125
4   8  31 243 251  1 1 1  0 1 0  121 125
4   8  31 244 252  0 0 1  1 0 0  122 126
4   8  31 245 253  1 1 1  0 1 0  122 126
4   8  31 246 254  0 0 1  0 1 0  123 127
4   8  31 247 255  1 1 1  1 0 0  123 127
5   4  32   0   4  0 0 1  0 1 0    0   2
5   4  32   1   5  1 1 1  1 0 0    0   2
5   4  32   2   6  0 0 1  1 0 0    1   3
5   4  32   3   7  1 1 1  0 1 0    1   3
5   4  33   8  12  0 0 1  1 0 0    4   6
5   4  33   9  13  1 1 1  0 1 0    4   6
5   4  33  10  14  0 0 1  0 1 0    5   7
5   4  33  11  15  1 1 1  1 0 0    5   7
5   4  34  16  20  0 0 1  1 0 0    8  10
5   4  34  17  21  1 1 1  0 1 0    8  10
5   4  34  18  22  0 0 1  0 1 0    9  11
5   4  34  19  23  1 1 1  1 0 0    9  11
5   4  35  24  28  0 0 1  0 1 0   12  14
5   4  35  25  29  1 1 1  1 0 0   12  14
5   4  35  26  30  0 0 1  1 0 0   13  15
5   4  35  27  31  1 1 1  0 1 0   13  15
5   4  36  32  36  0 0 1  1 0 0   16  18
5   4  36  33  37  1 1 1  0 1 0   16  18
5   4  36  34  38  0 0 1  0 1 0   17  19
5   4  36  35  39  1 1 1  1 0 0   17  19
5   4  37  40  44  0 0 1  0 1 0   20  22
5   4  37  41  45  1 1 1  1 0 0   20  22
5   4  37  42  46  0 0 1  1 0 0   21  23
5   4  37  43  47  1 1 1  0 1 0   21  23
5   4  38  48  52  0 0 1  0 1 0   24  26
5   4  38  49  53  1 1 1  1 0 0   24  26
5   4  38  50  54  0 0 1  1 0 0   25  27
5   4  38  51  55  1 1 1  0 1 0   25  27
5   4  39  56  60  0 0 1  1 0 0   28  30
5   4  39  57  61  1 1 1  0 1 0   28  30
5   4  39  58  62  0 0 1  0 1 0   29  31
5   4  39  59  63  1 1 1  1 0 0   29  31
5   4  40  64  68  0 0 1  1 0 0   32  34
5   4  40  65  69  1 1 1  0 1 0   32  34
5   4  40  66  70  0 0 1  0 1 0   33  35
5   4  40  67  71  1 1 1  1 0 0   33  35
5   4  41  72  76  0 0 1  0 1 0   36  38
5   4  41  73  77  1 1 1  1 0 0   36  38
5   4  41  74  78  0 0 1  1 0 0   37  39
5   4  41  75  79  1 1 1  0 1 0   37  39
5   4  42  80  84  0 0 1  0 1 0   40  42
5   4  42  81  85  1 1 1  1 0 0   40  42
5   4  42  82  86  0 0 1  1 0 0   41  43
5   4  42  83  87  1 1 1  0 1 0   41  43
5   4  43  88  92  0 0 1  1 0 0   44  46
5   4  43  89  93  1 1 1  0 1 0   44  46
5   4  43  90  94  0 0 1  0 1 0   45  47
5   4  43  91  95  1 1 1  1 0 0   45  47
5   4  44  96 100  0 0 1  0 1 0   48  50
5   4  44  97 101  1 1 1  1 0 0   48  50
5   4  44  98 102  0 0 1  1 0 0   49  51
5   4  44  99 103  1 1 1  0 1 0   49  51
5   4  45 104 108  0 0 1  1 0 0   52  54
5   4  45 105 109  1 1 1  0 1 0   52  54
5   4  45 106 110  0 0 1  0 1 0   53  55
5   4  45 107 111  1 1 1  1 0 0   53  55
5   4  46 112 116  0 0 1  1 0 0   56  58
5   4  46 113 117  1 1 1  0 1 0   56  58
5   4  46 114 118  0 0 1  0 1 0   57  59
5   4  46 115 119  1 1 1  1 0 0   57  59
5   4  47 120 124  0 0 1  0 1 0   60  62
5   4  47 121 125  1 1 1  1 0 0   60  62
5   4  47 122 126  0 0 1  1 0 0   61  63
5   4  47 123 127  1 1 1  0 1 0   61  63
5   4  48 128 132  0 0 1  1 0 0   64  66
5   4  48 129 133  1 1 1  0 1 0   64  66
5   4  48 130 134  0 0 1  0 1 0   65  67
5   4  48 131 135  1 1 1  1 0 0   65  67
5   4  49 136 140  0 0 1  0 1 0   68  70
5   4  49 137 141  1 1 1  1 0 0   68  70
5   4  49 138 142  0 0 1  1 0 0   69  71
5   4  49 139 143  1 1 1  0 1 0   69  71
5   4  50 144 148  0 0 1  0 1 0   72  74
5   4  50 145 149  1 1 1  1 0 0   72  74
5   4  50 146 150  0 0 1  1 0 0   73  75
5   4  50 147 151  1 1 1  0 1 0   73  75
5   4  51 152 156  0 0 1  1 0 0   76  78
5   4  51 153 157  1 1 1  0 1 0   76  78
5   4  51 154 158  0 0 1  0 1 0   77  79
5   4  51 155 159  1 1 1  1 0 0   77  79
5   4  52 160 164  0 0 1  0 1 0   80  82
5   4  52 161 165  1 1 1  1 0 0   80  82
5   4  52 162 166  0 0 1  1 0 0   81  83
5   4  52 163 167  1 1 1  0 1 0   81  83
5   4  53 168 172  0 0 1  1 0 0   84  86
5   4  53 169 173  1 1 1  0 1 0   84  86
5   4  53 170 174  0 0 1  0 1 0   85  87
5   4  53 171 175  1 1 1  1 0 0   85  87
5   4  54 176 180  0 0 1  1 0 0   88  90
5   4  54 177 181  1 1 1  0 1 0   88  90
5   4  54 178 182  0 0 1  0 1 0   89  91
5   4  54 179 183  1 1 1  1 0 0   89  91
5   4  55 184 188  0 0 1  0 1 0   92  94
5   4  55 185 189  1 1 1  1 0 0   92  94
5   4  55 186 190  0 0 1  1 0 0   93  95
5   4  55 187 191  1 1 1  0 1 0   93  95
5   4  56 192 196  0 0 1  0 1 0   96  98
5   4  56 193 197  1 1 1  1 0 0   96  98
5   4  56 194 198  0 0 1  1 0 0   97  99
5   4  56 195 199  1 1 1  0 1 0   97  99
5   4  57 200 204  0 0 1  1 0 0  100 102
5   4  57 201 205  1 1 1  0 1 0  100 102
5   4  57 202 206  0 0 1  0 1 0  101 103
5   4  57 203 207  1 1 1  1 0 0  101 103
5   4  58 208 212  0 0 1  1 0 0  104 106
5   4  58 209 213  1 1 1  0 1 0  104 106
5   4  58 210 214  0 0 1  0 1 0  105 107
5   4  58 211 215  1 1 1  1 0 0  105 107
5   4  59 216 220  0 0 1  0 1 0  108 110
5   4  59 217 221  1 1 1  1 0 0  108 110
5   4  59 218 222  0 0 1  1 0 0  109 111
5   4  59 219 223  1 1 1  0 1 0  109 111
5   4  60 224 228  0 0 1  1 0 0  112 114
5   4  60 225 229  1 1 1  0 1 0  112 114
5   4  60 226 230  0 0 1  0 1 0  113 115
5   4  60 227 231  1 1 1  1 0 0  113 115
5   4  61 232 236  0 0 1  0 1 0  116 118
5   4  61 233 237  1 1 1  1 0 0  116 118
5   4  61 234 238  0 0 1  1 0 0  117 119
5   4  61 235 239  1 1 1  0 1 0  117 119
5   4  62 240 244  0 0 1  0 1 0  120 122
5   4  62 241 245  1 1 1  1 0 0  120 122
5   4  62 242 246  0 0 1  1 0 0  121 123
5   4  62 243 247  1 1 1  0 1 0  121 123
5   4  63 248 252  0 0 1  1 0 0  124 126
5   4  63 249 253  1 1 1  0 1 0  124 126
5   4  63 250 254  0 0 1  0 1 0  125 127
5   4  63 251 255  1 1 1  1 0 0  125 127
6   2  64   0   2  0 0 1  0 1 0    0   1
6   2  64   1   3  1 1 1  1 0 0    0   1
6   2  65   4   6  0 0 1  1 0 0    2   3
6   2  65   5   7  1 1 1  0 1 0    2   3
6   2  66   8  10  0 0 1  1 0 0    4   5
6   2  66   9  11  1 1 1  0 1 0    4   5
6   2  67  12  14  0 0 1  0 1 0    6   7
6   2  67  13  15  1 1 1  1 0 0    6   7
6   2  68  16  18  0 0 1  1 0 0    8   9
6   2  68  17  19  1 1 1  0 1 0    8   9
6   2  69  20  22  0 0 1  0 1 0   10  11
6   2  69  21  23  1 1 1  1 0 0   10  11
6   2  70  24  26  0 0 1  0 1 0   12  13
6   2  70  25  27  1 1 1  1 0 0   12  13
6   2  71  28  30  0 0 1  1 0 0   14  15
6   2  71  29  31  1 1 1  0 1 0   14  15
6   2  72  32  34  0 0 1  1 0 0   16  17
6   2  72  33  35  1 1 1  0 1 0   16  17
6   2  73  36  38  0 0 1  0 1 0   18  19
6   2  73  37  39  1 1 1  1 0 0   18  19
6   2  74  40  42  0 0 1  0 1 0   20  21
6   2  74  41  43  1 1 1  1 0 0   20  21
6   2  75  44  46  0 0 1  1 0 0   22  23
6   2  75  45  47  1 1 1  0 1 0   22  23
6   2  76  48  50  0 0 1  0 1 0   24  25
6   2  76  49  51  1 1 1  1 0 0   24  25
6   2  77  52  54  0 0 1  1 0 0   26  27
6   2  77  53  55  1 1 1  0 1 0   26  27
6   2  78  56  58  0 0 1  1 0 0   28  29
6   2  78  57  59  1 1 1  0 1 0   28  29
6   2  79  60  62  0 0 1  0 1 0   30  31
6   2  79  61  63  1 1 1  1 0 0   30  31
6   2  80  64  66  0 0 1  1 0 0   32  33
6   2  80  65  67  1 1 1  0 1 0   32  33
6   2  81  68  70  0 0 1  0 1 0   34  35
6   2  81  69  71  1 1 1  1 0 0   34  35
6   2  82  72  74  0 0 1  0 1 0   36  37
6   2  82  73  75  1 1 1  1 0 0   36  37
6   2  83  76  78  0 0 1  1 0 0   38  39
6   2  83  77  79  1 1 1  0 1 0   38  39
6   2  84  80  82  0 0 1  0 1 0   40  41
6   2  84  81  83  1 1 1  1 0 0   40  41
6   2  85  84  86  0 0 1  1 0 0   42  43
6   2  85  85  87  1 1 1  0 1 0   42  43
6   2  86  88  90  0 0 1  1 0 0   44  45
6   2  86  89  91  1 1 1  0 1 0   44  45
6   2  87  92  94  0 0 1  0 1 0   46  47
6   2  87  93  95  1 1 1  1 0 0   46  47
6   2  88  96  98  0 0 1  0 1 0   48  49
6   2  88  97  99  1 1 1  1 0 0   48  49
6   2  89 100 102  0 0 1  1 0 0   50  51
6   2  89 101 103  1 1 1  0 1 0   50  51
6   2  90 104 106  0 0 1  1 0 0   52  53
6   2  90 105 107  1 1 1  0 1 0   52  53
6   2  91 108 110  0 0 1  0 1 0   54  55
6   2  91 109 111  1 1 1  1 0 0   54  55
6   2  92 112 114  0 0 1  1 0 0   56  57
6   2  92 113 115  1 1 1  0 1 0   56  57
6   2  93 116 118  0 0 1  0 1 0   58  59
6   2  93 117 119  1 1 1  1 0 0   58  59
6   2  94 120 122  0 0 1  0 1 0   60  61
6   2  94 121 123  1 1 1  1 0 0   60  61
6   2  95 124 126  0 0 1  1 0 0   62  63
6   2  95 125 127  1 1 1  0 1 0   62  63
6   2  96 128 130  0 0 1  1 0 0   64  65
6   2  96 129 131  1 1 1  0 1 0   64  65
6   2  97 132 134  0 0 1  0 1 0   66  67
6   2  97 133 135  1 1 1  1 0 0   66  67
6   2  98 136 138  0 0 1  0 1 0   68  69
6   2  98 137 139  1 1 1  1 0 0   68  69
6   2  99 140 142  0 0 1  1 0 0   70  71
6   2  99 141 143  1 1 1  0 1 0   70  71
6   2 100 144 146  0 0 1  0 1 0   72  73
6   2 100 145 147  1 1 1  1 0 0   72  73
6   2 101 148 150  0 0 1  1 0 0   74  75
6   2 101 149 151  1 1 1  0 1 0   74  75
6   2 102 152 154  0 0 1  1 0 0   76  77
6   2 102 153 155  1 1 1  0 1 0   76  77
6   2 103 156 158  0 0 1  0 1 0   78  79
6   2 103 157 159  1 1 1  1 0 0   78  79
6   2 104 160 162  0 0 1  0 1 0   80  81
6   2 104 161 163  1 1 1  1 0 0   80  81
6   2 105 164 166  0 0 1  1 0 0   82  83
6   2 105 165 167  1 1 1  0 1 0   82  83
6   2 106 168 170  0 0 1  1 0 0   84  85
6   2 106 169 171  1 1 1  0 1 0   84  85
6   2 107 172 174  0 0 1  0 1 0   86  87
6   2 107 173 175  1 1 1  1 0 0   86  87
6   2 108 176 178  0 0 1  1 0 0   88  89
6   2 108 177 179  1 1 1  0 1 0   88  89
6   2 109 180 182  0 0 1  0 1 0   90  91
6   2 109 181 183  1 1 1  1 0 0   90  91
6   2 110 184 186  0 0 1  0 1 0   92  93
6   2 110 185 187  1 1 1  1 0 0   92  93
6   2 111 188 190  0 0 1  1 0 0   94  95
6   2 111 189 191  1 1 1  0 1 0   94  95
6   2 112 192 194  0 0 1  0 1 0   96  97
6   2 112 193 195  1 1 1  1 0 0   96  97
6   2 113 196 198  0 0 1  1 0 0   98  99
6   2 113 197 199  1 1 1  0 1 0   98  99
6   2 114 200 202  0 0 1  1 0 0  100 101
6   2 114 201 203  1 1 1  0 1 0  100 101
6   2 115 204 206  0 0 1  0 1 0  102 103
6   2 115 205 207  1 1 1  1 0 0  102 103
6   2 116 208 210  0 0 1  1 0 0  104 105
6   2 116 209 211  1 1 1  0 1 0  104 105
6   2 117 212 214  0 0 1  0 1 0  106 107
6   2 117 213 215  1 1 1  1 0 0  106 107
6   2 118 216 218  0 0 1  0 1 0  108 109
6   2 118 217 219  1 1 1  1 0 0  108 109
6   2 119 220 222  0 0 1  1 0 0  110 111
6   2 119 221 223  1 1 1  0 1 0  110 111
6   2 120 224 226  0 0 1  1 0 0  112 113
6   2 120 225 227  1 1 1  0 1 0  112 113
6   2 121 228 230  0 0 1  0 1 0  114 115
6   2 121 229 231  1 1 1  1 0 0  114 115
6   2 122 232 234  0 0 1  0 1 0  116 117
6   2 122 233 235  1 1 1  1 0 0  116 117
6   2 123 236 238  0 0 1  1 0 0  118 119
6   2 123 237 239  1 1 1  0 1 0  118 119
6   2 124 240 242  0 0 1  0 1 0  120 121
6   2 124 241 243  1 1 1  1 0 0  120 121
6   2 125 244 246  0 0 1  1 0 0  122 123
6   2 125 245 247  1 1 1  0 1 0  122 123
6   2 126 248 250  0 0 1  1 0 0  124 125
6   2 126 249 251  1 1 1  0 1 0  124 125
6   2 127 252 254  0 0 1  0 1 0  126 127
6   2 127 253 255  1 1 1  1 0 0  126 127
