# layer len k_zeta j jl  bank_j bank_jl conflict  row_j row_jl
0   2 127   0   2  0 1 0    0   1
0   2 127   1   3  1 0 0    0   1
0   2 126   4   6  1 0 0    2   3
0   2 126   5   7  0 1 0    2   3
0   2 125   8  10  1 0 0    4   5
0   2 125   9  11  0 1 0    4   5
0   2 124  12  14  0 1 0    6   7
0   2 124  13  15  1 0 0    6   7
0   2 123  16  18  1 0 0    8   9
0   2 123  17  19  0 1 0    8   9
0   2 122  20  22  0 1 0   10  11
0   2 122  21  23  1 0 0   10  11
0   2 121  24  26  0 1 0   12  13
0   2 121  25  27  1 0 0   12  13
0   2 120  28  30  1 0 0   14  15
0   2 120  29  31  0 1 0   14  15
0   2 119  32  34  1 0 0   16  17
0   2 119  33  35  0 1 0   16  17
0   2 118  36  38  0 1 0   18  19
0   2 118  37  39  1 0 0   18  19
0   2 117  40  42  0 1 0   20  21
0   2 117  41  43  1 0 0   20  21
0   2 116  44  46  1 0 0   22  23
0   2 116  45  47  0 1 0   22  23
0   2 115  48  50  0 1 0   24  25
0   2 115  49  51  1 0 0   24  25
0   2 114  52  54  1 0 0   26  27
0   2 114  53  55  0 1 0   26  27
0   2 113  56  58  1 0 0   28  29
0   2 113  57  59  0 1 0   28  29
0   2 112  60  62  0 1 0   30  31
0   2 112  61  63  1 0 0   30  31
0   2 111  64  66  1 0 0   32  33
0   2 111  65  67  0 1 0   32  33
0   2 110  68  70  0 1 0   34  35
0   2 110  69  71  1 0 0   34  35
0   2 109  72  74  0 1 0   36  37
0   2 109  73  75  1 0 0   36  37
0   2 108  76  78  1 0 0   38  39
0   2 108  77  79  0 1 0   38  39
0   2 107  80  82  0 1 0   40  41
0   2 107  81  83  1 0 0   40  41
0   2 106  84  86  1 0 0   42  43
0   2 106  85  87  0 1 0   42  43
0   2 105  88  90  1 0 0   44  45
0   2 105  89  91  0 1 0   44  45
0   2 104  92  94  0 1 0   46  47
0   2 104  93  95  1 0 0   46  47
0   2 103  96  98  0 1 0   48  49
0   2 103  97  99  1 0 0   48  49
0   2 102 100 102  1 0 0   50  51
0   2 102 101 103  0 1 0   50  51
0   2 101 104 106  1 0 0   52  53
0   2 101 105 107  0 1 0   52  53
0   2 100 108 110  0 1 0   54  55
0   2 100 109 111  1 0 0   54  55
0   2  99 112 114  1 0 0   56  57
0   2  99 113 115  0 1 0   56  57
0   2  98 116 118  0 1 0   58  59
0   2  98 117 119  1 0 0   58  59
0   2  97 120 122  0 1 0   60  61
0   2  97 121 123  1 0 0   60  61
0   2  96 124 126  1 0 0   62  63
0   2  96 125 127  0 1 0   62  63
0   2  95 128 130  1 0 0   64  65
0   2  95 129 131  0 1 0   64  65
0   2  94 132 134  0 1 0   66  67
0   2  94 133 135  1 0 0   66  67
0   2  93 136 138  0 1 0   68  69
0   2  93 137 139  1 0 0   68  69
0   2  92 140 142  1 0 0   70  71
0   2  92 141 143  0 1 0   70  71
0   2  91 144 146  0 1 0   72  73
0   2  91 145 147  1 0 0   72  73
0   2  90 148 150  1 0 0   74  75
0   2  90 149 151  0 1 0   74  75
0   2  89 152 154  1 0 0   76  77
0   2  89 153 155  0 1 0   76  77
0   2  88 156 158  0 1 0   78  79
0   2  88 157 159  1 0 0   78  79
0   2  87 160 162  0 1 0   80  81
0   2  87 161 163  1 0 0   80  81
0   2  86 164 166  1 0 0   82  83
0   2  86 165 167  0 1 0   82  83
0   2  85 168 170  1 0 0   84  85
0   2  85 169 171  0 1 0   84  85
0   2  84 172 174  0 1 0   86  87
0   2  84 173 175  1 0 0   86  87
0   2  83 176 178  1 0 0   88  89
0   2  83 177 179  0 1 0   88  89
0   2  82 180 182  0 1 0   90  91
0   2  82 181 183  1 0 0   90  91
0   2  81 184 186  0 1 0   92  93
0   2  81 185 187  1 0 0   92  93
0   2  80 188 190  1 0 0   94  95
0   2  80 189 191  0 1 0   94  95
0   2  79 192 194  0 1 0   96  97
0   2  79 193 195  1 0 0   96  97
0   2  78 196 198  1 0 0   98  99
0   2  78 197 199  0 1 0   98  99
0   2  77 200 202  1 0 0  100 101
0   2  77 201 203  0 1 0  100 101
0   2  76 204 206  0 1 0  102 103
0   2  76 205 207  1 0 0  102 103
0   2  75 208 210  1 0 0  104 105
0   2  75 209 211  0 1 0  104 105
0   2  74 212 214  0 1 0  106 107
0   2  74 213 215  1 0 0  106 107
0   2  73 216 218  0 1 0  108 109
0   2  73 217 219  1 0 0  108 109
0   2  72 220 222  1 0 0  110 111
0   2  72 221 223  0 1 0  110 111
0   2  71 224 226  1 0 0  112 113
0   2  71 225 227  0 1 0  112 113
0   2  70 228 230  0 1 0  114 115
0   2  70 229 231  1 0 0  114 115
0   2  69 232 234  0 1 0  116 117
0   2  69 233 235  1 0 0  116 117
0   2  68 236 238  1 0 0  118 119
0   2  68 237 239  0 1 0  118 119
0   2  67 240 242  0 1 0  120 121
0   2  67 241 243  1 0 0  120 121
0   2  66 244 246  1 0 0  122 123
0   2  66 245 247  0 1 0  122 123
0   2  65 248 250  1 0 0  124 125
0   2  65 249 251  0 1 0  124 125
0   2  64 252 254  0 1 0  126 127
0   2  64 253 255  1 0 0  126 127
1   4  63   0   4  0 1 0    0   2
1   4  63   1   5  1 0 0    0   2
1   4  63   2   6  1 0 0    1   3
1   4  63   3   7  0 1 0    1   3
1   4  62   8  12  1 0 0    4   6
1   4  62   9  13  0 1 0    4   6
1   4  62  10  14  0 1 0    5   7
1   4  62  11  15  1 0 0    5   7
1   4  61  16  20  1 0 0    8  10
1   4  61  17  21  0 1 0    8  10
1   4  61  18  22  0 1 0    9  11
1   4  61  19  23  1 0 0    9  11
1   4  60  24  28  0 1 0   12  14
1   4  60  25  29  1 0 0   12  14
1   4  60  26  30  1 0 0   13  15
1   4  60  27  31  0 1 0   13  15
1   4  59  32  36  1 0 0   16  18
1   4  59  33  37  0 1 0   16  18
1   4  59  34  38  0 1 0   17  19
1   4  59  35  39  1 0 0   17  19
1   4  58  40  44  0 1 0   20  22
1   4  58  41  45  1 0 0   20  22
1   4  58  42  46  1 0 0   21  23
1   4  58  43  47  0 1 0   21  23
1   4  57  48  52  0 1 0   24  26
1   4  57  49  53  1 0 0   24  26
1   4  57  50  54  1 0 0   25  27
1   4  57  51  55  0 1 0   25  27
1   4  56  56  60  1 0 0   28  30
1   4  56  57  61  0 1 0   28  30
1   4  56  58  62  0 1 0   29  31
1   4  56  59  63  1 0 0   29  31
1   4  55  64  68  1 0 0   32  34
1   4  55  65  69  0 1 0   32  34
1   4  55  66  70  0 1 0   33  35
1   4  55  67  71  1 0 0   33  35
1   4  54  72  76  0 1 0   36  38
1   4  54  73  77  1 0 0   36  38
1   4  54  74  78  1 0 0   37  39
1   4  54  75  79  0 1 0   37  39
1   4  53  80  84  0 1 0   40  42
1   4  53  81  85  1 0 0   40  42
1   4  53  82  86  1 0 0   41  43
1   4  53  83  87  0 1 0   41  43
1   4  52  88  92  1 0 0   44  46
1   4  52  89  93  0 1 0   44  46
1   4  52  90  94  0 1 0   45  47
1   4  52  91  95  1 0 0   45  47
1   4  51  96 100  0 1 0   48  50
1   4  51  97 101  1 0 0   48  50
1   4  51  98 102  1 0 0   49  51
1   4  51  99 103  0 1 0   49  51
1   4  50 104 108  1 0 0   52  54
1   4  50 105 109  0 1 0   52  54
1   4  50 106 110  0 1 0   53  55
1   4  50 107 111  1 0 0   53  55
1   4  49 112 116  1 0 0   56  58
1   4  49 113 117  0 1 0   56  58
1   4  49 114 118  0 1 0   57  59
1   4  49 115 119  1 0 0   57  59
1   4  48 120 124  0 1 0   60  62
1   4  48 121 125  1 0 0   60  62
1   4  48 122 126  1 0 0   61  63
1   4  48 123 127  0 1 0   61  63
1   4  47 128 132  1 0 0   64  66
1   4  47 129 133  0 1 0   64  66
1   4  47 130 134  0 1 0   65  67
1   4  47 131 135  1 0 0   65  67
1   4  46 136 140  0 1 0   68  70
1   4  46 137 141  1 0 0   68  70
1   4  46 138 142  1 0 0   69  71
1   4  46 139 143  0 1 0   69  71
1   4  45 144 148  0 1 0   72  74
1   4  45 145 149  1 0 0   72  74
1   4  45 146 150  1 0 0   73  75
1   4  45 147 151  0 1 0   73  75
1   4  44 152 156  1 0 0   76  78
1   4  44 153 157  0 1 0   76  78
1   4  44 154 158  0 1 0   77  79
1   4  44 155 159  1 0 0   77  79
1   4  43 160 164  0 1 0   80  82
1   4  43 161 165  1 0 0   80  82
1   4  43 162 166  1 0 0   81  83
1   4  43 163 167  0 1 0   81  83
1   4  42 168 172  1 0 0   84  86
1   4  42 169 173  0 1 0   84  86
1   4  42 170 174  0 1 0   85  87
1   4  42 171 175  1 0 0   85  87
1   4  41 176 180  1 0 0   88  90
1   4  41 177 181  0 1 0   88  90
1   4  41 178 182  0 1 0   89  91
1   4  41 179 183  1 0 0   89  91
1   4  40 184 188  0 1 0   92  94
1   4  40 185 189  1 0 0   92  94
1   4  40 186 190  1 0 0   93  95
1   4  40 187 191  0 1 0   93  95
1   4  39 192 196  0 1 0   96  98
1   4  39 193 197  1 0 0   96  98
1   4  39 194 198  1 0 0   97  99
1   4  39 195 199  0 1 0   97  99
1   4  38 200 204  1 0 0  100 102
1   4  38 201 205  0 1 0  100 102
1   4  38 202 206  0 1 0  101 103
1   4  38 203 207  1 0 0  101 103
1   4  37 208 212  1 0 0  104 106
1   4  37 209 213  0 1 0  104 106
1   4  37 210 214  0 1 0  105 107
1   4  37 211 215  1 0 0  105 107
1   4  36 216 220  0 1 0  108 110
1   4  36 217 221  1 0 0  108 110
1   4  36 218 222  1 0 0  109 111
1   4  36 219 223  0 1 0  109 111
1   4  35 224 228  1 0 0  112 114
1   4  35 225 229  0 1 0  112 114
1   4  35 226 230  0 1 0  113 115
1   4  35 227 231  1 0 0  113 115
1   4  34 232 236  0 1 0  116 118
1   4  34 233 237  1 0 0  116 118
1   4  34 234 238  1 0 0  117 119
1   4  34 235 239  0 1 0  117 119
1   4  33 240 244  0 1 0  120 122
1   4  33 241 245  1 0 0  120 122
1   4  33 242 246  1 0 0  121 123
1   4  33 243 247  0 1 0  121 123
1   4  32 248 252  1 0 0  124 126
1   4  32 249 253  0 1 0  124 126
1   4  32 250 254  0 1 0  125 127
1   4  32 251 255  1 0 0  125 127
2   8  31   0   8  0 1 0    0   4
2   8  31   1   9  1 0 0    0   4
2   8  31   2  10  1 0 0    1   5
2   8  31   3  11  0 1 0    1   5
2   8  31   4  12  1 0 0    2   6
2   8  31   5  13  0 1 0    2   6
2   8  31   6  14  0 1 0    3   7
2   8  31   7  15  1 0 0    3   7
2   8  30  16  24  1 0 0    8  12
2   8  30  17  25  0 1 0    8  12
2   8  30  18  26  0 1 0    9  13
2   8  30  19  27  1 0 0    9  13
2   8  30  20  28  0 1 0   10  14
2   8  30  21  29  1 0 0   10  14
2   8  30  22  30  1 0 0   11  15
2   8  30  23  31  0 1 0   11  15
2   8  29  32  40  1 0 0   16  20
2   8  29  33  41  0 1 0   16  20
2   8  29  34  42  0 1 0   17  21
2   8  29  35  43  1 0 0   17  21
2   8  29  36  44  0 1 0   18  22
2   8  29  37  45  1 0 0   18  22
2   8  29  38  46  1 0 0   19  23
2   8  29  39  47  0 1 0   19  23
2   8  28  48  56  0 1 0   24  28
2   8  28  49  57  1 0 0   24  28
2   8  28  50  58  1 0 0   25  29
2   8  28  51  59  0 1 0   25  29
2   8  28  52  60  1 0 0   26  30
2   8  28  53  61  0 1 0   26  30
2   8  28  54  62  0 1 0   27  31
2   8  28  55  63  1 0 0   27  31
2   8  27  64  72  1 0 0   32  36
2   8  27  65  73  0 1 0   32  36
2   8  27  66  74  0 1 0   33  37
2   8  27  67  75  1 0 0   33  37
2   8  27  68  76  0 1 0   34  38
2   8  27  69  77  1 0 0   34  38
2   8  27  70  78  1 0 0   35  39
2   8  27  71  79  0 1 0   35  39
2   8  26  80  88  0 1 0   40  44
2   8  26  81  89  1 0 0   40  44
2   8  26  82  90  1 0 0   41  45
2   8  26  83  91  0 1 0   41  45
2   8  26  84  92  1 0 0   42  46
2   8  26  85  93  0 1 0   42  46
2   8  26  86  94  0 1 0   43  47
2   8  26  87  95  1 0 0   43  47
2   8  25  96 104  0 1 0   48  52
2   8  25  97 105  1 0 0   48  52
2   8  25  98 106  1 0 0   49  53
2   8  25  99 107  0 1 0   49  53
2   8  25 100 108  1 0 0   50  54
2   8  25 101 109  0 1 0   50  54
2   8  25 102 110  0 1 0   51  55
2   8  25 103 111  1 0 0   51  55
2   8  24 112 120  1 0 0   56  60
2   8  24 113 121  0 1 0   56  60
2   8  24 114 122  0 1 0   57  61
2   8  24 115 123  1 0 0   57  61
2   8  24 116 124  0 1 0   58  62
2   8  24 117 125  1 0 0   58  62
2   8  24 118 126  1 0 0   59  63
2   8  24 119 127  0 1 0   59  63
2   8  23 128 136  1 0 0   64  68
2   8  23 129 137  0 1 0   64  68
2   8  23 130 138  0 1 0   65  69
2   8  23 131 139  1 0 0   65  69
2   8  23 132 140  0 1 0   66  70
2   8  23 133 141  1 0 0   66  70
2   8  23 134 142  1 0 0   67  71
2   8  23 135 143  0 1 0   67  71
2   8  22 144 152  0 1 0   72  76
2   8  22 145 153  1 0 0   72  76
2   8  22 146 154  1 0 0   73  77
2   8  22 147 155  0 1 0   73  77
2   8  22 148 156  1 0 0   74  78
2   8  22 149 157  0 1 0   74  78
2   8  22 150 158  0 1 0   75  79
2   8  22 151 159  1 0 0   75  79
2   8  21 160 168  0 1 0   80  84
2   8  21 161 169  1 0 0   80  84
2   8  21 162 170  1 0 0   81  85
2   8  21 163 171  0 1 0   81  85
2   8  21 164 172  1 0 0   82  86
2   8  21 165 173  0 1 0   82  86
2   8  21 166 174  0 1 0   83  87
2   8  21 167 175  1 0 0   83  87
2   8  20 176 184  1 0 0   88  92
2   8  20 177 185  0 1 0   88  92
2   8  20 178 186  0 1 0   89  93
2   8  20 179 187  1 0 0   89  93
2   8  20 180 188  0 1 0   90  94
2   8  20 181 189  1 0 0   90  94
2   8  20 182 190  1 0 0   91  95
2   8  20 183 191  0 1 0   91  95
2   8  19 192 200  0 1 0   96 100
2   8  19 193 201  1 0 0   96 100
2   8  19 194 202  1 0 0   97 101
2   8  19 195 203  0 1 0   97 101
2   8  19 196 204  1 0 0   98 102
2   8  19 197 205  0 1 0   98 102
2   8  19 198 206  0 1 0   99 103
2   8  19 199 207  1 0 0   99 103
2   8  18 208 216  1 0 0  104 108
2   8  18 209 217  0 1 0  104 108
2   8  18 210 218  0 1 0  105 109
2   8  18 211 219  1 0 0  105 109
2   8  18 212 220  0 1 0  106 110
2   8  18 213 221  1 0 0  106 110
2   8  18 214 222  1 0 0  107 111
2   8  18 215 223  0 1 0  107 111
2   8  17 224 232  1 0 0  112 116
2   8  17 225 233  0 1 0  112 116
2   8  17 226 234  0 1 0  113 117
2   8  17 227 235  1 0 0  113 117
2   8  17 228 236  0 1 0  114 118
2   8  17 229 237  1 0 0  114 118
2   8  17 230 238  1 0 0  115 119
2   8  17 231 239  0 1 0  115 119
2   8  16 240 248  0 1 0  120 124
2   8  16 241 249  1 0 0  120 124
2   8  16 242 250  1 0 0  121 125
2   8  16 243 251  0 1 0  121 125
2   8  16 244 252  1 0 0  122 126
2   8  16 245 253  0 1 0  122 126
2   8  16 246 254  0 1 0  123 127
2   8  16 247 255  1 0 0  123 127
3  16  15   0  16  0 1 0    0   8
3  16  15   1  17  1 0 0    0   8
3  16  15   2  18  1 0 0    1   9
3  16  15   3  19  0 1 0    1   9
3  16  15   4  20  1 0 0    2  10
3  16  15   5  21  0 1 0    2  10
3  16  15   6  22  0 1 0    3  11
3  16  15   7  23  1 0 0    3  11
3  16  15   8  24  1 0 0    4  12
3  16  15   9  25  0 1 0    4  12
3  16  15  10  26  0 1 0    5  13
3  16  15  11  27  1 0 0    5  13
3  16  15  12  28  0 1 0    6  14
3  16  15  13  29  1 0 0    6  14
3  16  15  14  30  1 0 0    7  15
3  16  15  15  31  0 1 0    7  15
3  16  14  32  48  1 0 0   16  24
3  16  14  33  49  0 1 0   16  24
3  16  14  34  50  0 1 0   17  25
3  16  14  35  51  1 0 0   17  25
3  16  14  36  52  0 1 0   18  26
3  16  14  37  53  1 0 0   18  26
3  16  14  38  54  1 0 0   19  27
3  16  14  39  55  0 1 0   19  27
3  16  14  40  56  0 1 0   20  28
3  16  14  41  57  1 0 0   20  28
3  16  14  42  58  1 0 0   21  29
3  16  14  43  59  0 1 0   21  29
3  16  14  44  60  1 0 0   22  30
3  16  14  45  61  0 1 0   22  30
3  16  14  46  62  0 1 0   23  31
3  16  14  47  63  1 0 0   23  31
3  16  13  64  80  1 0 0   32  40
3  16  13  65  81  0 1 0   32  40
3  16  13  66  82  0 1 0   33  41
3  16  13  67  83  1 0 0   33  41
3  16  13  68  84  0 1 0   34  42
3  16  13  69  85  1 0 0   34  42
3  16  13  70  86  1 0 0   35  43
3  16  13  71  87  0 1 0   35  43
3  16  13  72  88  0 1 0   36  44
3  16  13  73  89  1 0 0   36  44
3  16  13  74  90  1 0 0   37  45
3  16  13  75  91  0 1 0   37  45
3  16  13  76  92  1 0 0   38  46
3  16  13  77  93  0 1 0   38  46
3  16  13  78  94  0 1 0   39  47
3  16  13  79  95  1 0 0   39  47
3  16  12  96 112  0 1 0   48  56
3  16  12  97 113  1 0 0   48  56
3  16  12  98 114  1 0 0   49  57
3  16  12  99 115  0 1 0   49  57
3  16  12 100 116  1 0 0   50  58
3  16  12 101 117  0 1 0   50  58
3  16  12 102 118  0 1 0   51  59
3  16  12 103 119  1 0 0   51  59
3  16  12 104 120  1 0 0   52  60
3  16  12 105 121  0 1 0   52  60
3  16  12 106 122  0 1 0   53  61
3  16  12 107 123  1 0 0   53  61
3  16  12 108 124  0 1 0   54  62
3  16  12 109 125  1 0 0   54  62
3  16  12 110 126  1 0 0   55  63
3  16  12 111 127  0 1 0   55  63
3  16  11 128 144  1 0 0   64  72
3  16  11 129 145  0 1 0   64  72
3  16  11 130 146  0 1 0   65  73
3  16  11 131 147  1 0 0   65  73
3  16  11 132 148  0 1 0   66  74
3  16  11 133 149  1 0 0   66  74
3  16  11 134 150  1 0 0   67  75
3  16  11 135 151  0 1 0   67  75
3  16  11 136 152  0 1 0   68  76
3  16  11 137 153  1 0 0   68  76
3  16  11 138 154  1 0 0   69  77
3  16  11 139 155  0 1 0   69  77
3  16  11 140 156  1 0 0   70  78
3  16  11 141 157  0 1 0   70  78
3  16  11 142 158  0 1 0   71  79
3  16  11 143 159  1 0 0   71  79
3  16  10 160 176  0 1 0   80  88
3  16  10 161 177  1 0 0   80  88
3  16  10 162 178  1 0 0   81  89
3  16  10 163 179  0 1 0   81  89
3  16  10 164 180  1 0 0   82  90
3  16  10 165 181  0 1 0   82  90
3  16  10 166 182  0 1 0   83  91
3  16  10 167 183  1 0 0   83  91
3  16  10 168 184  1 0 0   84  92
3  16  10 169 185  0 1 0   84  92
3  16  10 170 186  0 1 0   85  93
3  16  10 171 187  1 0 0   85  93
3  16  10 172 188  0 1 0   86  94
3  16  10 173 189  1 0 0   86  94
3  16  10 174 190  1 0 0   87  95
3  16  10 175 191  0 1 0   87  95
3  16   9 192 208  0 1 0   96 104
3  16   9 193 209  1 0 0   96 104
3  16   9 194 210  1 0 0   97 105
3  16   9 195 211  0 1 0   97 105
3  16   9 196 212  1 0 0   98 106
3  16   9 197 213  0 1 0   98 106
3  16   9 198 214  0 1 0   99 107
3  16   9 199 215  1 0 0   99 107
3  16   9 200 216  1 0 0  100 108
3  16   9 201 217  0 1 0  100 108
3  16   9 202 218  0 1 0  101 109
3  16   9 203 219  1 0 0  101 109
3  16   9 204 220  0 1 0  102 110
3  16   9 205 221  1 0 0  102 110
3  16   9 206 222  1 0 0  103 111
3  16   9 207 223  0 1 0  103 111
3  16   8 224 240  1 0 0  112 120
3  16   8 225 241  0 1 0  112 120
3  16   8 226 242  0 1 0  113 121
3  16   8 227 243  1 0 0  113 121
3  16   8 228 244  0 1 0  114 122
3  16   8 229 245  1 0 0  114 122
3  16   8 230 246  1 0 0  115 123
3  16   8 231 247  0 1 0  115 123
3  16   8 232 248  0 1 0  116 124
3  16   8 233 249  1 0 0  116 124
3  16   8 234 250  1 0 0  117 125
3  16   8 235 251  0 1 0  117 125
3  16   8 236 252  1 0 0  118 126
3  16   8 237 253  0 1 0  118 126
3  16   8 238 254  0 1 0  119 127
3  16   8 239 255  1 0 0  119 127
4  32   7   0  32  0 1 0    0  16
4  32   7   1  33  1 0 0    0  16
4  32   7   2  34  1 0 0    1  17
4  32   7   3  35  0 1 0    1  17
4  32   7   4  36  1 0 0    2  18
4  32   7   5  37  0 1 0    2  18
4  32   7   6  38  0 1 0    3  19
4  32   7   7  39  1 0 0    3  19
4  32   7   8  40  1 0 0    4  20
4  32   7   9  41  0 1 0    4  20
4  32   7  10  42  0 1 0    5  21
4  32   7  11  43  1 0 0    5  21
4  32   7  12  44  0 1 0    6  22
4  32   7  13  45  1 0 0    6  22
4  32   7  14  46  1 0 0    7  23
4  32   7  15  47  0 1 0    7  23
4  32   7  16  48  1 0 0    8  24
4  32   7  17  49  0 1 0    8  24
4  32   7  18  50  0 1 0    9  25
4  32   7  19  51  1 0 0    9  25
4  32   7  20  52  0 1 0   10  26
4  32   7  21  53  1 0 0   10  26
4  32   7  22  54  1 0 0   11  27
4  32   7  23  55  0 1 0   11  27
4  32   7  24  56  0 1 0   12  28
4  32   7  25  57  1 0 0   12  28
4  32   7  26  58  1 0 0   13  29
4  32   7  27  59  0 1 0   13  29
4  32   7  28  60  1 0 0   14  30
4  32   7  29  61  0 1 0   14  30
4  32   7  30  62  0 1 0   15  31
4  32   7  31  63  1 0 0   15  31
4  32   6  64  96  1 0 0   32  48
4  32   6  65  97  0 1 0   32  48
4  32   6  66  98  0 1 0   33  49
4  32   6  67  99  1 0 0   33  49
4  32   6  68 100  0 1 0   34  50
4  32   6  69 101  1 0 0   34  50
4  32   6  70 102  1 0 0   35  51
4  32   6  71 103  0 1 0   35  51
4  32   6  72 104  0 1 0   36  52
4  32   6  73 105  1 0 0   36  52
4  32   6  74 106  1 0 0   37  53
4  32   6  75 107  0 1 0   37  53
4  32   6  76 108  1 0 0   38  54
4  32   6  77 109  0 1 0   38  54
4  32   6  78 110  0 1 0   39  55
4  32   6  79 111  1 0 0   39  55
4  32   6  80 112  0 1 0   40  56
4  32   6  81 113  1 0 0   40  56
4  32   6  82 114  1 0 0   41  57
4  32   6  83 115  0 1 0   41  57
4  32   6  84 116  1 0 0   42  58
4  32   6  85 117  0 1 0   42  58
4  32   6  86 118  0 1 0   43  59
4  32   6  87 119  1 0 0   43  59
4  32   6  88 120  1 0 0   44  60
4  32   6  89 121  0 1 0   44  60
4  32   6  90 122  0 1 0   45  61
4  32   6  91 123  1 0 0   45  61
4  32   6  92 124  0 1 0   46  62
4  32   6  93 125  1 0 0   46  62
4  32   6  94 126  1 0 0   47  63
4  32   6  95 127  0 1 0   47  63
4  32   5 128 160  1 0 0   64  80
4  32   5 129 161  0 1 0   64  80
4  32   5 130 162  0 1 0   65  81
4  32   5 131 163  1 0 0   65  81
4  32   5 132 164  0 1 0   66  82
4  32   5 133 165  1 0 0   66  82
4  32   5 134 166  1 0 0   67  83
4  32   5 135 167  0 1 0   67  83
4  32   5 136 168  0 1 0   68  84
4  32   5 137 169  1 0 0   68  84
4  32   5 138 170  1 0 0   69  85
4  32   5 139 171  0 1 0   69  85
4  32   5 140 172  1 0 0   70  86
4  32   5 141 173  0 1 0   70  86
4  32   5 142 174  0 1 0   71  87
4  32   5 143 175  1 0 0   71  87
4  32   5 144 176  0 1 0   72  88
4  32   5 145 177  1 0 0   72  88
4  32   5 146 178  1 0 0   73  89
4  32   5 147 179  0 1 0   73  89
4  32   5 148 180  1 0 0   74  90
4  32   5 149 181  0 1 0   74  90
4  32   5 150 182  0 1 0   75  91
4  32   5 151 183  1 0 0   75  91
4  32   5 152 184  1 0 0   76  92
4  32   5 153 185  0 1 0   76  92
4  32   5 154 186  0 1 0   77  93
4  32   5 155 187  1 0 0   77  93
4  32   5 156 188  0 1 0   78  94
4  32   5 157 189  1 0 0   78  94
4  32   5 158 190  1 0 0   79  95
4  32   5 159 191  0 1 0   79  95
4  32   4 192 224  0 1 0   96 112
4  32   4 193 225  1 0 0   96 112
4  32   4 194 226  1 0 0   97 113
4  32   4 195 227  0 1 0   97 113
4  32   4 196 228  1 0 0   98 114
4  32   4 197 229  0 1 0   98 114
4  32   4 198 230  0 1 0   99 115
4  32   4 199 231  1 0 0   99 115
4  32   4 200 232  1 0 0  100 116
4  32   4 201 233  0 1 0  100 116
4  32   4 202 234  0 1 0  101 117
4  32   4 203 235  1 0 0  101 117
4  32   4 204 236  0 1 0  102 118
4  32   4 205 237  1 0 0  102 118
4  32   4 206 238  1 0 0  103 119
4  32   4 207 239  0 1 0  103 119
4  32   4 208 240  1 0 0  104 120
4  32   4 209 241  0 1 0  104 120
4  32   4 210 242  0 1 0  105 121
4  32   4 211 243  1 0 0  105 121
4  32   4 212 244  0 1 0  106 122
4  32   4 213 245  1 0 0  106 122
4  32   4 214 246  1 0 0  107 123
4  32   4 215 247  0 1 0  107 123
4  32   4 216 248  0 1 0  108 124
4  32   4 217 249  1 0 0  108 124
4  32   4 218 250  1 0 0  109 125
4  32   4 219 251  0 1 0  109 125
4  32   4 220 252  1 0 0  110 126
4  32   4 221 253  0 1 0  110 126
4  32   4 222 254  0 1 0  111 127
4  32   4 223 255  1 0 0  111 127
5  64   3   0  64  0 1 0    0  32
5  64   3   1  65  1 0 0    0  32
5  64   3   2  66  1 0 0    1  33
5  64   3   3  67  0 1 0    1  33
5  64   3   4  68  1 0 0    2  34
5  64   3   5  69  0 1 0    2  34
5  64   3   6  70  0 1 0    3  35
5  64   3   7  71  1 0 0    3  35
5  64   3   8  72  1 0 0    4  36
5  64   3   9  73  0 1 0    4  36
5  64   3  10  74  0 1 0    5  37
5  64   3  11  75  1 0 0    5  37
5  64   3  12  76  0 1 0    6  38
5  64   3  13  77  1 0 0    6  38
5  64   3  14  78  1 0 0    7  39
5  64   3  15  79  0 1 0    7  39
5  64   3  16  80  1 0 0    8  40
5  64   3  17  81  0 1 0    8  40
5  64   3  18  82  0 1 0    9  41
5  64   3  19  83  1 0 0    9  41
5  64   3  20  84  0 1 0   10  42
5  64   3  21  85  1 0 0   10  42
5  64   3  22  86  1 0 0   11  43
5  64   3  23  87  0 1 0   11  43
5  64   3  24  88  0 1 0   12  44
5  64   3  25  89  1 0 0   12  44
5  64   3  26  90  1 0 0   13  45
5  64   3  27  91  0 1 0   13  45
5  64   3  28  92  1 0 0   14  46
5  64   3  29  93  0 1 0   14  46
5  64   3  30  94  0 1 0   15  47
5  64   3  31  95  1 0 0   15  47
5  64   3  32  96  1 0 0   16  48
5  64   3  33  97  0 1 0   16  48
5  64   3  34  98  0 1 0   17  49
5  64   3  35  99  1 0 0   17  49
5  64   3  36 100  0 1 0   18  50
5  64   3  37 101  1 0 0   18  50
5  64   3  38 102  1 0 0   19  51
5  64   3  39 103  0 1 0   19  51
5  64   3  40 104  0 1 0   20  52
5  64   3  41 105  1 0 0   20  52
5  64   3  42 106  1 0 0   21  53
5  64   3  43 107  0 1 0   21  53
5  64   3  44 108  1 0 0   22  54
5  64   3  45 109  0 1 0   22  54
5  64   3  46 110  0 1 0   23  55
5  64   3  47 111  1 0 0   23  55
5  64   3  48 112  0 1 0   24  56
5  64   3  49 113  1 0 0   24  56
5  64   3  50 114  1 0 0   25  57
5  64   3  51 115  0 1 0   25  57
5  64   3  52 116  1 0 0   26  58
5  64   3  53 117  0 1 0   26  58
5  64   3  54 118  0 1 0   27  59
5  64   3  55 119  1 0 0   27  59
5  64   3  56 120  1 0 0   28  60
5  64   3  57 121  0 1 0   28  60
5  64   3  58 122  0 1 0   29  61
5  64   3  59 123  1 0 0   29  61
5  64   3  60 124  0 1 0   30  62
5  64   3  61 125  1 0 0   30  62
5  64   3  62 126  1 0 0   31  63
5  64   3  63 127  0 1 0   31  63
5  64   2 128 192  1 0 0   64  96
5  64   2 129 193  0 1 0   64  96
5  64   2 130 194  0 1 0   65  97
5  64   2 131 195  1 0 0   65  97
5  64   2 132 196  0 1 0   66  98
5  64   2 133 197  1 0 0   66  98
5  64   2 134 198  1 0 0   67  99
5  64   2 135 199  0 1 0   67  99
5  64   2 136 200  0 1 0   68 100
5  64   2 137 201  1 0 0   68 100
5  64   2 138 202  1 0 0   69 101
5  64   2 139 203  0 1 0   69 101
5  64   2 140 204  1 0 0   70 102
5  64   2 141 205  0 1 0   70 102
5  64   2 142 206  0 1 0   71 103
5  64   2 143 207  1 0 0   71 103
5  64   2 144 208  0 1 0   72 104
5  64   2 145 209  1 0 0   72 104
5  64   2 146 210  1 0 0   73 105
5  64   2 147 211  0 1 0   73 105
5  64   2 148 212  1 0 0   74 106
5  64   2 149 213  0 1 0   74 106
5  64   2 150 214  0 1 0   75 107
5  64   2 151 215  1 0 0   75 107
5  64   2 152 216  1 0 0   76 108
5  64   2 153 217  0 1 0   76 108
5  64   2 154 218  0 1 0   77 109
5  64   2 155 219  1 0 0   77 109
5  64   2 156 220  0 1 0   78 110
5  64   2 157 221  1 0 0   78 110
5  64   2 158 222  1 0 0   79 111
5  64   2 159 223  0 1 0   79 111
5  64   2 160 224  0 1 0   80 112
5  64   2 161 225  1 0 0   80 112
5  64   2 162 226  1 0 0   81 113
5  64   2 163 227  0 1 0   81 113
5  64   2 164 228  1 0 0   82 114
5  64   2 165 229  0 1 0   82 114
5  64   2 166 230  0 1 0   83 115
5  64   2 167 231  1 0 0   83 115
5  64   2 168 232  1 0 0   84 116
5  64   2 169 233  0 1 0   84 116
5  64   2 170 234  0 1 0   85 117
5  64   2 171 235  1 0 0   85 117
5  64   2 172 236  0 1 0   86 118
5  64   2 173 237  1 0 0   86 118
5  64   2 174 238  1 0 0   87 119
5  64   2 175 239  0 1 0   87 119
5  64   2 176 240  1 0 0   88 120
5  64   2 177 241  0 1 0   88 120
5  64   2 178 242  0 1 0   89 121
5  64   2 179 243  1 0 0   89 121
5  64   2 180 244  0 1 0   90 122
5  64   2 181 245  1 0 0   90 122
5  64   2 182 246  1 0 0   91 123
5  64   2 183 247  0 1 0   91 123
5  64   2 184 248  0 1 0   92 124
5  64   2 185 249  1 0 0   92 124
5  64   2 186 250  1 0 0   93 125
5  64   2 187 251  0 1 0   93 125
5  64   2 188 252  1 0 0   94 126
5  64   2 189 253  0 1 0   94 126
5  64   2 190 254  0 1 0   95 127
5  64   2 191 255  1 0 0   95 127
6 128   1   0 128  0 1 0    0  64
6 128   1   1 129  1 0 0    0  64
6 128   1   2 130  1 0 0    1  65
6 128   1   3 131  0 1 0    1  65
6 128   1   4 132  1 0 0    2  66
6 128   1   5 133  0 1 0    2  66
6 128   1   6 134  0 1 0    3  67
6 128   1   7 135  1 0 0    3  67
6 128   1   8 136  1 0 0    4  68
6 128   1   9 137  0 1 0    4  68
6 128   1  10 138  0 1 0    5  69
6 128   1  11 139  1 0 0    5  69
6 128   1  12 140  0 1 0    6  70
6 128   1  13 141  1 0 0    6  70
6 128   1  14 142  1 0 0    7  71
6 128   1  15 143  0 1 0    7  71
6 128   1  16 144  1 0 0    8  72
6 128   1  17 145  0 1 0    8  72
6 128   1  18 146  0 1 0    9  73
6 128   1  19 147  1 0 0    9  73
6 128   1  20 148  0 1 0   10  74
6 128   1  21 149  1 0 0   10  74
6 128   1  22 150  1 0 0   11  75
6 128   1  23 151  0 1 0   11  75
6 128   1  24 152  0 1 0   12  76
6 128   1  25 153  1 0 0   12  76
6 128   1  26 154  1 0 0   13  77
6 128   1  27 155  0 1 0   13  77
6 128   1  28 156  1 0 0   14  78
6 128   1  29 157  0 1 0   14  78
6 128   1  30 158  0 1 0   15  79
6 128   1  31 159  1 0 0   15  79
6 128   1  32 160  1 0 0   16  80
6 128   1  33 161  0 1 0   16  80
6 128   1  34 162  0 1 0   17  81
6 128   1  35 163  1 0 0   17  81
6 128   1  36 164  0 1 0   18  82
6 128   1  37 165  1 0 0   18  82
6 128   1  38 166  1 0 0   19  83
6 128   1  39 167  0 1 0   19  83
6 128   1  40 168  0 1 0   20  84
6 128   1  41 169  1 0 0   20  84
6 128   1  42 170  1 0 0   21  85
6 128   1  43 171  0 1 0   21  85
6 128   1  44 172  1 0 0   22  86
6 128   1  45 173  0 1 0   22  86
6 128   1  46 174  0 1 0   23  87
6 128   1  47 175  1 0 0   23  87
6 128   1  48 176  0 1 0   24  88
6 128   1  49 177  1 0 0   24  88
6 128   1  50 178  1 0 0   25  89
6 128   1  51 179  0 1 0   25  89
6 128   1  52 180  1 0 0   26  90
6 128   1  53 181  0 1 0   26  90
6 128   1  54 182  0 1 0   27  91
6 128   1  55 183  1 0 0   27  91
6 128   1  56 184  1 0 0   28  92
6 128   1  57 185  0 1 0   28  92
6 128   1  58 186  0 1 0   29  93
6 128   1  59 187  1 0 0   29  93
6 128   1  60 188  0 1 0   30  94
6 128   1  61 189  1 0 0   30  94
6 128   1  62 190  1 0 0   31  95
6 128   1  63 191  0 1 0   31  95
6 128   1  64 192  1 0 0   32  96
6 128   1  65 193  0 1 0   32  96
6 128   1  66 194  0 1 0   33  97
6 128   1  67 195  1 0 0   33  97
6 128   1  68 196  0 1 0   34  98
6 128   1  69 197  1 0 0   34  98
6 128   1  70 198  1 0 0   35  99
6 128   1  71 199  0 1 0   35  99
6 128   1  72 200  0 1 0   36 100
6 128   1  73 201  1 0 0   36 100
6 128   1  74 202  1 0 0   37 101
6 128   1  75 203  0 1 0   37 101
6 128   1  76 204  1 0 0   38 102
6 128   1  77 205  0 1 0   38 102
6 128   1  78 206  0 1 0   39 103
6 128   1  79 207  1 0 0   39 103
6 128   1  80 208  0 1 0   40 104
6 128   1  81 209  1 0 0   40 104
6 128   1  82 210  1 0 0   41 105
6 128   1  83 211  0 1 0   41 105
6 128   1  84 212  1 0 0   42 106
6 128   1  85 213  0 1 0   42 106
6 128   1  86 214  0 1 0   43 107
6 128   1  87 215  1 0 0   43 107
6 128   1  88 216  1 0 0   44 108
6 128   1  89 217  0 1 0   44 108
6 128   1  90 218  0 1 0   45 109
6 128   1  91 219  1 0 0   45 109
6 128   1  92 220  0 1 0   46 110
6 128   1  93 221  1 0 0   46 110
6 128   1  94 222  1 0 0   47 111
6 128   1  95 223  0 1 0   47 111
6 128   1  96 224  0 1 0   48 112
6 128   1  97 225  1 0 0   48 112
6 128   1  98 226  1 0 0   49 113
6 128   1  99 227  0 1 0   49 113
6 128   1 100 228  1 0 0   50 114
6 128   1 101 229  0 1 0   50 114
6 128   1 102 230  0 1 0   51 115
6 128   1 103 231  1 0 0   51 115
6 128   1 104 232  1 0 0   52 116
6 128   1 105 233  0 1 0   52 116
6 128   1 106 234  0 1 0   53 117
6 128   1 107 235  1 0 0   53 117
6 128   1 108 236  0 1 0   54 118
6 128   1 109 237  1 0 0   54 118
6 128   1 110 238  1 0 0   55 119
6 128   1 111 239  0 1 0   55 119
6 128   1 112 240  1 0 0   56 120
6 128   1 113 241  0 1 0   56 120
6 128   1 114 242  0 1 0   57 121
6 128   1 115 243  1 0 0   57 121
6 128   1 116 244  0 1 0   58 122
6 128   1 117 245  1 0 0   58 122
6 128   1 118 246  1 0 0   59 123
6 128   1 119 247  0 1 0   59 123
6 128   1 120 248  0 1 0   60 124
6 128   1 121 249  1 0 0   60 124
6 128   1 122 250  1 0 0   61 125
6 128   1 123 251  0 1 0   61 125
6 128   1 124 252  1 0 0   62 126
6 128   1 125 253  0 1 0   62 126
6 128   1 126 254  0 1 0   63 127
6 128   1 127 255  1 0 0   63 127
